1992  ;   N/A;      N/A;      965;    4,862
      ;   N/A;      N/A;      853;    3,831
  
1993  ;   N/A;      N/A;      790;    5,492
      ;   1,118;     5,414; 1,010;    5,068
      ;   1,169;     6,441;   898;    4,176
      ;   1,079;     5,374;   989;    4,488
  
1994  ;   1,018;     5,081;   973;    4,386
      ;   1,168;     5,582;   816;    3,465
      ;   1,173;     6,429;   978;    5,506
      ;     892;     4,577;   963;    4,789
  
1995  ;   1,060;     6,478;   931;    4,919
      ;   1,381;     7,974;   973;    4,114
      ;   1,014;     5,264;   964;    4,507
      ;   1,125;     6,497; 1,078;    5,447
  
1996  ;     994;     4,883; 1,053;    5,898
      ;   1,090;     7,332;   948;    3,669
      ;   1,112;     5,443;   989;    4,793
      ;   1,169;     7,275; 1,097;    5,550
  
1997  ;   1,088;     4,923; 1,052;    4,360
      ;   1,063;     5,188; 1,031;    4,619
      ;   1,231;     7,423;   938;    3,877
      ;   1,097;     6,415; 1,081;    4,796
  
1998  ;     978;     5,165;   991;    5,749
      ;   1,324;     7,059; 1,017;    4,703
      ;   1,131;     5,356; 1,050;    4,867
      ;   1,074;     6,441; 1,058;    4,653
  
1999  ;   1,073;     5,574; 1,109;    5,367
      ;     973;     5,612; 1,007;    5,785
      ;   1,045;     5,587; 1,150;    6,306
      ;   1,059;     6,210; 1,049;    4,668
  
2000  ;   1,097;     5,391; 1,085;    5,869
      ;     970;     5,318; 1,070;    4,803
      ;     977;     4,539; 1,142;    5,352
      ;     961;     5,039; 1,057;    4,108
  
2001  ;     958;     4,394; 1,150;    4,322
      ;   1,031;     4,470; 1,154;    4,904
      ;     903;     4,369; 1,190;    5,130
      ;     884;     4,694; 1,037;    4,393
  
2002  ;   1,091;     5,150; 1,004;    5,078
      ;     877;     3,850; 1,112;    4,986
      ;   1,007;     4,445;   947;    3,889
      ;     928;     4,113;   986;    4,795
  
2003  ;     941;     4,502;   967;    3,864
      ;     953;     5,154;   983;    4,119
      ;     989;     4,663;   915;    4,522
      ;   1,034;     4,969;   881;    3,615
  
2004  ;   1,068;     4,955;   886;    3,760
      ;   1,071;     4,476;   988;    3,692
      ;     996;     4,770; 1,005;    4,100
      ;   1,069;     4,732;   916;    4,155
  
2005  ;     919;     4,069; 1,028;    4,607
      ;   1,073;     4,681;   877;    3,226
      ;     982;     4,533;   976;    3,791
      ;   1,010;     5,186; 1,009;    3,787
  
2006  ;   1,051;     5,637; 1,060;    5,261
      ;     970;     4,553;   915;    3,377
      ;     974;     5,190;   960;    4,189
      ;     913;     4,659;   989;    4,322
  
2007  ;     953;     4,702; 1,010;    3,953
      ;     898;     3,846;   978;    3,606
      ;     957;     4,804;   998;    3,849
      ;     889;     3,902; 1,016;    4,527
  
2008  ;     934;     4,757; 1,050;    3,552
      ;     847;     3,475;   960;    3,980
      ;     864;     4,010; 1,004;    4,117
      ;     965;     4,086; 1,088;    4,097
  
2009  ;     874;     4,197; 1,096;    3,943
      ;     772;     3,263; 1,025;    4,220
      ;     744;     3,599;   916;    3,326
      ;     877;     3,325;   937;    3,488
  
2010  ;     819;     3,455;   947;    3,050
      ;     840;     3,297;   923;    4,352
      ;     745;     3,325;   947;    2,870
      ;     903;     2,886;   910;    3,377
  
2011  ;     808;     3,869;   892;    3,145
      ;     942;     4,233;   906;    3,428
      ;     956;     4,536;   886;    3,372
      ;     998;     4,127;   886;    3,087
  
2012  ;     889;     3,614;   874;    2,791
      ;     856;     4,131;   997;    4,295
      ;     842;     3,804;   927;    3,399
      ;     814;     4,111;   803;    3,579
  
2013  ;     880;     4,005;   901;    3,127
      ;     830;     3,526; 1,073;    3,726
      ;     809;     3,234;   903;    3,309
      ;     723;     3,117;   927;    3,590
  
2014  ;     853;     4,509;   888;    3,402
      ;     921;     3,904;   992;    3,917
      ;     866;     3,342;   884;    4,397
      ;     988;     3,729;   933;    3,428
  
2015  ;     982;     4,567; 1,002;    3,499
      ;     823;     3,400;   951;    3,372
      ;     815;     3,258;   979;    3,600
      ;     926;     3,617; 1,015;    4,310
  
2016  ;     792;     3,555;   915;    2,982
      ;     828;     3,742; N/A;      N/A
      ;     875;     3,702; N/A;      N/A
      ;     971;     4,157; N/A;      N/A
  

(1) Values for births are not available for the first three quarters
    of the time series by definition.

(2) Values for deaths are not available for the most recent three quarters
    by definition.
